[unserverdenergycost]
area1 = 3000.000000
area2 = 3000.000000
h2_demand = 1000.000000
h2_demand-2 = 1000.000000

[spilledenergycost]
invest_p2g_marg = 1.000000
invest_p2g_marg-2 = 1.000000
