[Peak unit 2]
name = Peak unit 2
group = Oil
unitcount = 10
nominalcapacity = 100.000000
min-stable-power = 50.000000
marginal-cost = 180.000000
startup-cost = 5000.000000
market-bid-cost = 180.000000

