[SemiBase 2]
name = SemiBase 2
group = Gas
unitcount = 5
nominalcapacity = 200.000000
min-stable-power = 130.000000
min-up-time = 6
min-down-time = 6
marginal-cost = 50.000000
startup-cost = 25000.000000
market-bid-cost = 50.000000

