[reforming]
name = reforming
unitcount = 1
nominalcapacity = 2000.000000
marginal-cost = 100.000000
market-bid-cost = 100.000000

