[unserverdenergycost]
area1 = 20000.000000
area2 = 20000.000000

[spilledenergycost]
invest_peak = 1.000000
invest_semibase = 1.000000
