[unserverdenergycost]
base = 20000.000000
fr = 20000.000000
pointe = 20000.000000
semibase = 20000.000000

[spilledenergycost]
