[Peak_unit1]
name = Peak_unit1
group = Oil
unitcount = 1
nominalcapacity = 100.000000
min-stable-power = 35.000000
marginal-cost = 180.000000
startup-cost = 2300.000000
market-bid-cost = 180.000000

