[unserverdenergycost]
area1 = 20000.000000
area2 = 20000.000000
flex_2 = 20001.000000
invest_peak_1 = 20001.000000
invest_peak_2 = 20001.000000
invest_semibase_1 = 20001.000000
invest_semibase_2 = 20001.000000
pv = 20001.000000

[spilledenergycost]
flex_2 = 1.000000
invest_peak_1 = 1.000000
invest_peak_2 = 1.000000
invest_semibase_1 = 1.000000
invest_semibase_2 = 1.000000
