[TAC]
name = TAC
group = Mixed fuel
unitcount = 100
nominalcapacity = 500.000000
min-stable-power = 50.000000
marginal-cost = 110.000000
market-bid-cost = 110.000000

